1 0.173860 0.474462 0.047275 0.064142
0 0.157021 0.232093 0.050112 0.378062
1 0.127989 0.134062 0.026028 0.048471
1 0.571628 0.623364 0.028430 0.050444
1 0.481146 0.623364 0.079827 0.134204
1 0.033985 0.871773 0.031605 0.050676
1 0.064653 0.382702 0.017885 0.032453
1 0.080881 0.549300 0.051902 0.075658
0 0.392199 0.490911 0.084282 0.955591
0 0.347835 0.503267 0.058280 0.993467
0 0.949195 0.573147 0.086040 0.784542
0 0.888596 0.464596 0.064762 0.896382
0 0.690148 0.501602 0.058285 0.976973
0 0.636489 0.497489 0.047183 0.968747
