0 0.280716 0.489264 0.094457 0.965462
0 0.533334 0.482687 0.042558 0.945720
0 0.583707 0.470351 0.047275 0.921049
0 0.850618 0.488442 0.079655 0.967107
0 0.800243 0.532851 0.061985 0.901320
1 0.710039 0.173476 0.105468 0.175991
1 0.594355 0.618607 0.045615 0.093658
1 0.899210 0.603987 0.028270 0.053680
1 0.910420 0.656469 0.037970 0.067507
1 0.923624 0.755324 0.034692 0.034267
1 0.965352 0.783249 0.033475 0.051511
1 0.913954 0.326951 0.027048 0.041236
0 0.040926 0.373313 0.081853 0.726973
0 0.221090 0.501600 0.106395 0.953947
