1 0.936048 0.068891 0.013285 0.014982
0 0.172981 0.442391 0.043482 0.858551
0 0.240935 0.381536 0.037100 0.690787
0 0.768788 0.286962 0.086040 0.560858
1 0.909612 0.339133 0.027265 0.035253
1 0.853841 0.466647 0.014873 0.021480
1 0.873981 0.498869 0.016732 0.026440
1 0.879620 0.355453 0.017930 0.018062
1 0.981972 0.351469 0.018530 0.039311
1 0.876526 0.112722 0.021158 0.025498
1 0.853576 0.105071 0.013988 0.026142
1 0.886030 0.048331 0.007890 0.019764
1 0.905566 0.159580 0.017947 0.031240
1 0.934075 0.139338 0.015080 0.034747
