1 0.834842 0.061729 0.029780 0.044356
1 0.833541 0.015844 0.030152 0.031689
0 0.330259 0.507358 0.036083 0.975329
0 0.394511 0.492553 0.055603 0.972040
0 0.602257 0.494198 0.063835 0.975329
0 0.668822 0.510647 0.065780 0.962173
1 0.086192 0.324536 0.064755 0.047924
1 0.248720 0.741042 0.034355 0.076938
0 0.096146 0.499133 0.095383 0.991778
1 0.795710 0.352362 0.045360 0.035098
1 0.989814 0.224733 0.020372 0.065982
1 0.752674 0.299020 0.034242 0.025844
1 0.821271 0.288447 0.023463 0.040387
1 0.817571 0.237578 0.024168 0.040311
1 0.716424 0.181367 0.022717 0.027169
1 0.747096 0.208796 0.020857 0.021218
0 0.057290 0.495844 0.093535 0.965458
1 0.723301 0.105022 0.018628 0.041049
1 0.746352 0.121878 0.019370 0.021880
1 0.767733 0.075940 0.026435 0.038404
1 0.769405 0.109980 0.024575 0.024520
1 0.743193 0.417009 0.012305 0.021218
1 0.812367 0.918396 0.027885 0.048249
1 0.797104 0.776251 0.032382 0.041711
1 0.822015 0.716764 0.021230 0.028489
1 0.804168 0.693298 0.016025 0.023858
1 0.740217 0.746838 0.031640 0.064840
1 0.836701 0.971902 0.024577 0.031129
1 0.804354 0.974878 0.013423 0.031791
1 0.781489 0.964962 0.015283 0.035756
1 0.869420 0.939184 0.016395 0.019898
1 0.759924 0.662231 0.035357 0.030471
1 0.767360 0.716764 0.016770 0.028489
1 0.787438 0.701229 0.018255 0.050298
1 0.797105 0.608693 0.016025 0.048978
1 0.777529 0.457229 0.032718 0.036351
1 0.736501 0.586218 0.022717 0.031796
1 0.733155 0.518138 0.019000 0.029147
1 0.752489 0.463276 0.012308 0.023858
