1 0.776840 0.174856 0.029410 0.027098
1 0.051276 0.040653 0.068582 0.081307
1 0.173881 0.061320 0.026822 0.036169
1 0.851544 0.791898 0.059303 0.097040
1 0.754180 0.605447 0.026770 0.040529
1 0.781619 0.606636 0.023648 0.034978
1 0.802142 0.618929 0.019185 0.027840
1 0.780950 0.745442 0.040155 0.055604
1 0.805284 0.226742 0.026808 0.034373
1 0.750073 0.136189 0.016025 0.027764
1 0.777026 0.094216 0.023832 0.023133
1 0.750257 0.308707 0.020860 0.023796
0 0.107249 0.496667 0.087983 0.960524
0 0.041099 0.527918 0.081508 0.924342
0 0.350612 0.504891 0.047185 0.963818
0 0.406539 0.485153 0.057452 0.963818
0 0.617060 0.458860 0.063835 0.917720
0 0.687789 0.487642 0.083357 0.975284
0 0.901085 0.439122 0.054585 0.878244
0 0.953504 0.465416 0.092992 0.917764
