1 0.639918 0.124027 0.023645 0.033316
1 0.684088 0.455576 0.013830 0.020627
1 0.685202 0.417107 0.015170 0.027760
1 0.637240 0.454782 0.026325 0.028551
1 0.647725 0.432571 0.018740 0.022209
1 0.634116 0.403622 0.016508 0.015067
1 0.620286 0.347307 0.013832 0.030933
0 0.973902 0.374956 0.052195 0.460524
0 0.756760 0.499958 0.061985 0.973684
0 0.715128 0.495022 0.058285 0.970391
0 0.498176 0.597818 0.038858 0.708880
0 0.451919 0.529560 0.040707 0.901316
0 0.229416 0.560811 0.058287 0.845391
0 0.177144 0.430878 0.067538 0.730262
1 0.324570 0.145047 0.026770 0.036484
1 0.307168 0.597951 0.023200 0.031724
1 0.362270 0.647920 0.015615 0.017449
1 0.379670 0.672511 0.020970 0.030142
1 0.364947 0.690753 0.022755 0.026964
1 0.407110 0.786727 0.011600 0.019036
1 0.382570 0.894998 0.017845 0.021418
1 0.412686 0.827182 0.026323 0.023796
1 0.412462 0.664578 0.026770 0.031724
1 0.414247 0.559878 0.016060 0.022209
1 0.384577 0.493253 0.042385 0.047591
1 0.359812 0.352860 0.026775 0.042831
1 0.354908 0.240624 0.023200 0.029347
1 0.339739 0.289404 0.047293 0.050764
1 0.333049 0.397664 0.017853 0.022982
1 0.353569 0.397673 0.017848 0.021418
1 0.380563 0.403622 0.015615 0.025378
1 0.302930 0.773642 0.067370 0.056316
1 0.345061 0.170462 0.011627 0.020853
1 0.304246 0.218376 0.021907 0.046876
1 0.309600 0.087104 0.015660 0.022289
1 0.607348 0.353256 0.012045 0.034902
1 0.668469 0.730807 0.020963 0.042831
1 0.637016 0.622938 0.024092 0.038071
1 0.589055 0.761742 0.020970 0.028551
1 0.540200 0.744291 0.023200 0.028556
1 0.377482 0.195940 0.013745 0.031080
1 0.363130 0.180651 0.012865 0.021809
1 0.348935 0.194333 0.011970 0.015698
1 0.377444 0.044709 0.011162 0.040449
1 0.364049 0.107369 0.019197 0.040453
1 0.334831 0.039156 0.018738 0.067422
1 0.308039 0.028804 0.010752 0.021493
1 0.870513 0.400353 0.070135 0.256991
