0 0.184499 0.519693 0.077808 0.937502
0 0.975754 0.455549 0.048492 0.888156
0 0.760415 0.510647 0.063930 0.975329
0 0.693385 0.501602 0.053660 0.927631
0 0.476852 0.488464 0.040800 0.976929
0 0.426476 0.484353 0.061988 0.968707
0 0.137316 0.503247 0.109262 0.980262
1 0.905731 0.528431 0.037327 0.083493
1 0.927896 0.726027 0.027692 0.037804
1 0.869784 0.944240 0.024413 0.069671
1 0.844406 0.965942 0.034053 0.062818
1 0.853723 0.674116 0.020560 0.036551
1 0.898695 0.698102 0.020560 0.047973
1 0.918934 0.606156 0.031482 0.042258
1 0.834769 0.836876 0.025058 0.060533
1 0.880064 0.850582 0.032122 0.051396
1 0.301070 0.059189 0.075955 0.118378
