1 0.336087 0.270831 0.018590 0.027760
1 0.316010 0.238444 0.021565 0.033049
1 0.381076 0.216629 0.014873 0.017187
1 0.370293 0.255629 0.026025 0.055524
1 0.342594 0.047749 0.018962 0.020493
1 0.327704 0.104922 0.035358 0.026440
1 0.311549 0.075842 0.022308 0.031729
1 0.352819 0.183580 0.019333 0.017187
1 0.308946 0.392442 0.020077 0.027738
1 0.319355 0.365351 0.021565 0.026436
1 0.310991 0.422527 0.023423 0.023133
1 0.369921 0.496896 0.016358 0.034387
1 0.320955 0.766562 0.026770 0.020476
1 0.321587 0.801271 0.029000 0.031067
1 0.361370 0.798956 0.013385 0.019831
1 0.371036 0.812836 0.008923 0.018507
1 0.378101 0.827380 0.015618 0.026440
1 0.387768 0.862409 0.011155 0.038338
1 0.400969 0.605813 0.019918 0.026267
1 0.566729 0.385316 0.028912 0.053796
1 0.307811 0.682282 0.035338 0.046947
1 0.164829 0.216080 0.039037 0.036356
1 0.592185 0.612529 0.045235 0.063831
0 0.240975 0.518871 0.061050 0.958880
0 0.177144 0.503244 0.064763 0.990133
0 0.459320 0.459660 0.029605 0.902964
0 0.513441 0.470373 0.034233 0.940747
0 0.739181 0.434167 0.049033 0.855267
0 0.797929 0.474462 0.070312 0.945724
1 0.410634 0.192173 0.020447 0.025120
