1 0.339927 0.753244 0.020445 0.059209
1 0.551836 0.118378 0.066613 0.092107
1 0.603645 0.436633 0.040705 0.136511
0 0.982692 0.151271 0.034615 0.259867
1 0.321779 0.661416 0.047028 0.052084
1 0.252005 0.626462 0.024670 0.020560
1 0.263570 0.742280 0.035465 0.071271
1 0.258945 0.326984 0.023130 0.024671
1 0.322935 0.283124 0.010795 0.027413
1 0.268195 0.516129 0.032380 0.052080
1 0.230644 0.839211 0.024912 0.052218
1 0.208522 0.867631 0.013385 0.027102
1 0.258566 0.037504 0.015988 0.029080
1 0.282920 0.047418 0.016360 0.019831
1 0.333299 0.022718 0.034577 0.045436
1 0.266839 0.813280 0.037097 0.047698
1 0.312680 0.769693 0.030530 0.092107
1 0.308471 0.842062 0.033398 0.039476
1 0.271002 0.165251 0.062080 0.120067
0 0.111920 0.496667 0.086040 0.980267
0 0.164192 0.503244 0.062910 0.990133
0 0.388539 0.505713 0.039773 0.968751
0 0.444054 0.492578 0.045333 0.985156
0 0.663318 0.495844 0.052735 0.981911
0 0.722065 0.495844 0.085115 0.981911
0 0.941330 0.154560 0.049960 0.296053
