1 0.548981 0.156118 0.013758 0.021880
1 0.495627 0.363996 0.014130 0.025182
1 0.561622 0.342184 0.022680 0.025187
1 0.544149 0.225520 0.021937 0.033778
1 0.532251 0.013676 0.021937 0.021218
1 0.517750 0.155124 0.042015 0.034436
1 0.556865 0.096993 0.022680 0.048253
0 0.961830 0.492553 0.076340 0.972040
0 0.906636 0.527093 0.071237 0.906249
0 0.682701 0.511469 0.056528 0.973684
0 0.622149 0.495044 0.037008 0.990089
0 0.392661 0.475287 0.051903 0.917764
1 0.511058 0.574851 0.011525 0.027827
1 0.552329 0.503464 0.013757 0.029151
1 0.528160 0.444969 0.015245 0.023200
1 0.483357 0.397707 0.015615 0.023858
1 0.499904 0.460829 0.006322 0.016591
1 0.489121 0.457524 0.008552 0.013947
1 0.476665 0.448602 0.008180 0.011960
0 0.066079 0.487620 0.111113 0.962173
0 0.134079 0.480220 0.052827 0.881578
1 0.524814 0.564276 0.013013 0.025182
1 0.445991 0.751331 0.015988 0.027827
1 0.447479 0.789009 0.015988 0.026507
1 0.504737 0.907987 0.020450 0.031796
1 0.455845 0.946653 0.017845 0.031129
1 0.509199 0.962187 0.017472 0.034436
1 0.538758 0.969124 0.015615 0.028489
1 0.563669 0.978711 0.017103 0.021218
1 0.582815 0.553698 0.027885 0.034436
1 0.490795 0.011031 0.016360 0.021218
1 0.503621 0.053664 0.013012 0.020556
0 0.328409 0.521338 0.036082 0.812498
1 0.561995 0.197098 0.013015 0.039067
1 0.543033 0.194156 0.013015 0.023796
1 0.498789 0.205031 0.013757 0.017911
1 0.488191 0.286000 0.014873 0.026507
1 0.743249 0.257578 0.020077 0.025182
1 0.721684 0.311778 0.020077 0.026507
1 0.805971 0.065596 0.039782 0.039662
1 0.831737 0.040113 0.015615 0.027827
1 0.805340 0.311780 0.026770 0.029151
1 0.822256 0.168344 0.027143 0.052947
1 0.796416 0.420180 0.020822 0.037080
1 0.770576 0.642929 0.015988 0.021218
1 0.800320 0.663091 0.019705 0.024520
1 0.771134 0.871300 0.022308 0.041711
1 0.839174 0.547749 0.031232 0.023862
1 0.820211 0.517013 0.020077 0.046996
1 0.775410 0.241053 0.017475 0.019893
