0 0.932495 0.509002 0.089835 0.942431
1 0.489010 0.091042 0.026770 0.033711
1 0.522360 0.086813 0.022680 0.029742
1 0.510073 0.135031 0.013795 0.028489
1 0.517323 0.191218 0.020860 0.037742
1 0.474938 0.177996 0.019370 0.037742
1 0.446495 0.154860 0.034615 0.044351
1 0.470661 0.126769 0.030153 0.041049
1 0.497617 0.055051 0.030525 0.035098
1 0.463783 0.362740 0.021600 0.025187
1 0.443147 0.374967 0.018255 0.025844
1 0.480514 0.315482 0.010447 0.025844
1 0.514720 0.312836 0.020860 0.033778
1 0.542606 0.339276 0.018627 0.015271
1 0.588490 0.371769 0.027020 0.024818
1 0.612590 0.589378 0.012465 0.032320
1 0.572609 0.509611 0.015923 0.024484
1 0.497716 0.584151 0.026768 0.037120
0 0.095684 0.510647 0.101863 0.958884
0 0.051739 0.498311 0.087983 0.963813
0 0.309443 0.460482 0.055510 0.911187
0 0.366756 0.486800 0.059303 0.953947
0 0.583755 0.301764 0.030530 0.511511
0 0.648006 0.479398 0.059303 0.935853
0 0.865466 0.396338 0.064762 0.766444
