1 0.711714 0.977536 0.028912 0.032360
0 0.052200 0.508182 0.092610 0.950658
0 0.245137 0.511469 0.067525 0.976973
0 0.314065 0.546853 0.048100 0.906293
0 0.531477 0.488442 0.033295 0.970396
0 0.586530 0.498333 0.049035 0.996667
0 0.812731 0.485976 0.070312 0.909542
1 0.433309 0.868076 0.018203 0.039973
0 0.866392 0.499956 0.088815 0.960524
1 0.368204 0.982913 0.019272 0.034173
1 0.397704 0.833336 0.021952 0.046636
1 0.460077 0.942796 0.051400 0.046640
1 0.438126 0.688660 0.012848 0.029507
1 0.458204 0.775276 0.023022 0.048542
1 0.459516 0.716738 0.032178 0.032364
1 0.708769 0.757189 0.029447 0.054253
1 0.753743 0.920902 0.015525 0.033316
1 0.440188 0.015916 0.040745 0.026649
