0 0.575845 0.471173 0.040800 0.916116
0 0.495401 0.503244 0.046257 0.888160
0 0.300145 0.564100 0.044500 0.819080
0 0.238205 0.498311 0.061060 0.944080
1 0.799918 0.062129 0.017880 0.042880
1 0.813505 0.146758 0.022980 0.039933
1 0.930860 0.138820 0.026770 0.046084
1 0.885522 0.266944 0.031080 0.069862
1 0.905466 0.584733 0.027512 0.042302
1 0.822796 0.789040 0.041457 0.056844
1 0.508389 0.259660 0.020522 0.061871
1 0.047234 0.808016 0.040692 0.054253
1 0.291731 0.114113 0.081202 0.114218
1 0.388545 0.282851 0.050885 0.085524
1 0.073480 0.092060 0.050050 0.065791
0 0.033525 0.434167 0.067050 0.592102
0 0.841366 0.500780 0.051903 0.972040
0 0.791916 0.501602 0.043483 0.930920
