1 0.924676 0.182522 0.040707 0.062502
0 0.964651 0.492556 0.070697 0.958880
0 0.766011 0.515580 0.061987 0.919409
0 0.711426 0.504891 0.043483 0.934209
0 0.480597 0.476929 0.055510 0.940791
0 0.432493 0.487620 0.057365 0.876644
0 0.221968 0.489287 0.126840 0.978573
0 0.148003 0.491731 0.056435 0.937498
1 0.367374 0.577629 0.041277 0.056253
1 0.124872 0.193213 0.037930 0.064142
1 0.146614 0.643869 0.051808 0.064147
1 0.171131 0.730218 0.091593 0.151316
1 0.422775 0.900449 0.078640 0.159538
1 0.506041 0.378247 0.054582 0.065791
1 0.647128 0.096996 0.049960 0.052631
1 0.842338 0.561633 0.040705 0.080591
1 0.738257 0.395516 0.086040 0.129938
1 0.396409 0.241731 0.088817 0.131578
