0 0.091057 0.533671 0.092610 0.850329
0 0.616135 0.512291 0.047185 0.972040
0 0.391320 0.536140 0.052735 0.865133
0 0.340439 0.513113 0.052728 0.924342
0 0.046650 0.476951 0.077805 0.953902
1 0.849925 0.820993 0.024985 0.031729
1 0.854388 0.764678 0.028555 0.058698
1 0.840110 0.721451 0.019630 0.035693
1 0.836986 0.632218 0.024092 0.041244
1 0.768948 0.590576 0.012940 0.023000
1 0.786571 0.709156 0.026768 0.033316
1 0.781218 0.481909 0.036585 0.045213
1 0.761809 0.294322 0.016508 0.034902
1 0.757124 0.174156 0.017847 0.021413
1 0.819141 0.240387 0.021418 0.026969
1 0.777870 0.119424 0.017400 0.035693
1 0.754892 0.122598 0.015170 0.032520
1 0.775911 0.065267 0.020858 0.029084
1 0.763827 0.011480 0.021230 0.022960
0 0.675761 0.493376 0.085207 0.976973
0 0.913575 0.497489 0.083265 0.962169
0 0.961414 0.491733 0.077173 0.957236
1 0.253361 0.063347 0.023202 0.050764
1 0.751546 0.838442 0.028108 0.042831
1 0.783894 0.835667 0.016063 0.037280
1 0.762924 0.804336 0.020522 0.033311
1 0.816241 0.787682 0.020967 0.046004
1 0.799286 0.762696 0.020078 0.035693
1 0.834087 0.800369 0.012940 0.030142
