0 0.837202 0.477751 0.065780 0.942436
0 0.033525 0.313278 0.067050 0.577302
0 0.217389 0.498311 0.067538 0.986844
0 0.271464 0.482709 0.057452 0.965418
0 0.498639 0.511471 0.036082 0.894738
0 0.555953 0.508180 0.050975 0.904609
0 0.776650 0.512293 0.053660 0.949013
1 0.302439 0.921173 0.048188 0.061076
1 0.643364 0.240691 0.022717 0.039658
1 0.899233 0.123762 0.022310 0.063347
1 0.940440 0.206660 0.027885 0.044067
1 0.948961 0.254858 0.034393 0.055636
1 0.950045 0.378242 0.026025 0.040209
1 0.929131 0.358411 0.023237 0.038004
1 0.941525 0.322884 0.026955 0.030844
1 0.949581 0.298098 0.025097 0.031947
1 0.957946 0.473531 0.021377 0.045720
1 0.934864 0.480142 0.012392 0.029191
1 0.917824 0.476562 0.013632 0.028644
1 0.961819 0.650071 0.034082 0.030844
1 0.987225 0.720851 0.025405 0.040209
