1 0.836757 0.935913 0.033090 0.048911
1 0.780056 0.877084 0.033462 0.037013
1 0.584771 0.306458 0.054878 0.052347
1 0.775967 0.911453 0.032720 0.033049
1 0.823449 0.814924 0.033153 0.063049
1 0.784890 0.945827 0.023795 0.018507
1 0.772621 0.782893 0.033462 0.044284
1 0.742691 0.320207 0.021192 0.020493
1 0.426918 0.024482 0.019185 0.035693
1 0.184429 0.021309 0.034352 0.036484
0 0.961830 0.463793 0.076340 0.927587
0 0.914500 0.514758 0.083265 0.914476
0 0.679924 0.496669 0.058377 0.973684
0 0.621224 0.502422 0.048108 0.958880
0 0.409314 0.501602 0.063003 0.980262
0 0.344136 0.495844 0.071238 0.978622
0 0.112800 0.494200 0.099085 0.939147
0 0.053589 0.492553 0.106487 0.932564
1 0.728005 0.153604 0.027515 0.032453
1 0.748454 0.183349 0.034947 0.024520
1 0.794000 0.042229 0.014500 0.018573
1 0.770763 0.042262 0.026025 0.037013
1 0.740460 0.047187 0.018220 0.036418
1 0.760351 0.077593 0.017103 0.025844
1 0.767602 0.361189 0.027885 0.037676
1 0.811660 0.602082 0.026025 0.031791
