0 0.117934 0.476931 0.042558 0.921053
1 0.051053 0.848020 0.027540 0.063116
1 0.688715 0.809642 0.020480 0.044067
1 0.943650 0.713918 0.022490 0.060591
1 0.935388 0.651033 0.020425 0.042227
1 0.882844 0.507362 0.028428 0.052324
1 0.912536 0.477984 0.019132 0.032129
1 0.882950 0.309609 0.019860 0.036356
1 0.804358 0.250236 0.014165 0.025822
0 0.161416 0.505713 0.048107 0.972040
0 0.433415 0.470351 0.059210 0.898027
0 0.493042 0.470351 0.063930 0.914471
0 0.718365 0.511469 0.088815 0.878289
0 0.777993 0.520516 0.091685 0.912827
