1 0.082500 0.406453 0.048110 0.092267
1 0.910708 0.297600 0.018590 0.027760
1 0.851592 0.591078 0.023795 0.027764
1 0.975384 0.778136 0.027553 0.037018
1 0.945453 0.870342 0.018255 0.028427
1 0.929485 0.811847 0.032345 0.040982
1 0.913480 0.681147 0.020140 0.034427
1 0.886499 0.637998 0.026077 0.028920
1 0.928196 0.574882 0.028918 0.038556
1 0.350141 0.285373 0.022308 0.072160
1 0.098245 0.242107 0.027885 0.035307
1 0.088950 0.341253 0.027885 0.033102
0 0.807599 0.484331 0.112037 0.896378
0 0.755372 0.511469 0.107320 0.970396
0 0.520334 0.446502 0.083358 0.883227
0 0.469496 0.463773 0.064762 0.861840
0 0.195185 0.572324 0.039780 0.832240
0 0.144764 0.509002 0.048108 0.929276
1 0.873269 0.548231 0.022962 0.032516
