0 0.847426 0.365087 0.045332 0.717107
0 0.787290 0.495022 0.052735 0.970391
0 0.035375 0.207193 0.070750 0.391444
1 0.092481 0.230149 0.025282 0.027827
0 0.297879 0.485976 0.069387 0.955596
1 0.617227 0.199369 0.020560 0.045804
0 0.543972 0.505713 0.050885 0.975329
0 0.508811 0.508202 0.063828 0.983596
1 0.930755 0.190231 0.136205 0.347333
1 0.653527 0.280464 0.040475 0.048084
1 0.892201 0.527747 0.034702 0.060649
1 0.448898 0.793300 0.019275 0.043516
1 0.347709 0.444938 0.025058 0.038951
1 0.628470 0.105138 0.027625 0.046942
0 0.052029 0.464593 0.104058 0.879933
0 0.254396 0.475287 0.102692 0.927631
