1 0.365050 0.571909 0.020450 0.030404
1 0.395725 0.453264 0.020820 0.028422
1 0.400373 0.428807 0.014500 0.013880
1 0.386801 0.411291 0.011897 0.026440
1 0.438296 0.082451 0.018217 0.023133
1 0.407065 0.188869 0.028630 0.023133
1 0.377879 0.188869 0.023052 0.046929
1 0.407250 0.020649 0.024540 0.037013
1 0.383827 0.032218 0.023795 0.054862
1 0.381931 0.075180 0.025282 0.035036
0 0.846501 0.496667 0.073087 0.980267
0 0.798392 0.504069 0.058285 0.968751
0 0.569415 0.498311 0.053660 0.983556
0 0.518992 0.482687 0.034230 0.955596
0 0.292327 0.490911 0.050885 0.949013
0 0.234967 0.503244 0.056435 0.953947
0 0.045553 0.486820 0.091105 0.973640
1 0.961448 0.880422 0.027885 0.041316
1 0.991257 0.386060 0.017485 0.041862
1 0.960364 0.386613 0.013942 0.034151
1 0.963616 0.428200 0.019827 0.029191
1 0.381559 0.925864 0.019333 0.032387
1 0.465251 0.747398 0.020823 0.028422
1 0.443501 0.653540 0.015243 0.025782
1 0.404647 0.610904 0.014130 0.021151
