0 0.695190 0.491753 0.051900 0.983507
0 0.966501 0.499136 0.066997 0.975329
1 0.543108 0.800144 0.033090 0.052218
1 0.529536 0.848398 0.030487 0.031062
1 0.526933 0.888387 0.031975 0.031724
1 0.509831 0.919782 0.017847 0.025778
1 0.532325 0.943909 0.024165 0.037018
1 0.167886 0.220362 0.039502 0.054209
1 0.204022 0.786333 0.023425 0.033049
0 0.090132 0.500780 0.127765 0.968751
0 0.144717 0.494222 0.088910 0.988444
0 0.343211 0.533673 0.047183 0.922698
0 0.420416 0.496667 0.063003 0.990133
0 0.642039 0.495844 0.041633 0.988489
0 0.935779 0.502424 0.064762 0.965462
1 0.847930 0.569662 0.021975 0.025778
1 0.881950 0.537273 0.014165 0.042964
1 0.857411 0.534629 0.019372 0.031062
1 0.839199 0.536613 0.017153 0.029742
1 0.845326 0.378307 0.016768 0.033049
1 0.844026 0.478444 0.013422 0.027102
1 0.869308 0.583211 0.017140 0.029080
1 0.877489 0.679384 0.018628 0.033711
1 0.881020 0.794064 0.021975 0.026440
1 0.902585 0.869418 0.020485 0.031724
1 0.875815 0.876689 0.021975 0.033049
1 0.845513 0.851240 0.025320 0.035031
1 0.706142 0.335807 0.020820 0.072707
1 0.480086 0.030762 0.024538 0.019169
1 0.510203 0.169898 0.015615 0.025120
1 0.473394 0.206253 0.020822 0.023796
1 0.483990 0.247233 0.015245 0.037018
1 0.485106 0.343738 0.015243 0.023796
1 0.500723 0.354313 0.014500 0.026440
1 0.514850 0.374802 0.018220 0.017187
1 0.528049 0.376456 0.012643 0.027098
1 0.530465 0.424378 0.011525 0.029084
1 0.512991 0.505347 0.018218 0.025778
1 0.488081 0.513278 0.021192 0.037676
1 0.535299 0.608131 0.013758 0.025116
1 0.491984 0.620360 0.012642 0.021813
1 0.502023 0.642500 0.010410 0.017187
1 0.493471 0.658033 0.013383 0.017844
1 0.505926 0.676213 0.013757 0.018507
1 0.521729 0.672244 0.014128 0.014542
1 0.565787 0.715871 0.012270 0.033049
1 0.573966 0.785936 0.016732 0.025116
1 0.589583 0.810722 0.014500 0.019169
1 0.610589 0.862609 0.011898 0.025120
1 0.597761 0.838482 0.013013 0.028422
1 0.561511 0.850382 0.017847 0.021813
1 0.550544 0.889049 0.013012 0.022471
1 0.564858 0.902269 0.014870 0.022476
1 0.592743 0.925402 0.014130 0.031729
1 0.587352 0.980264 0.014500 0.025116
1 0.552774 0.938622 0.016732 0.023796
1 0.517824 0.759827 0.015988 0.038996
1 0.531954 0.746607 0.018962 0.044289
