1 0.985289 0.037522 0.029423 0.040929
1 0.065616 0.226929 0.052827 0.088818
1 0.281225 0.677589 0.049035 0.078947
1 0.319620 0.314924 0.029605 0.064142
0 0.199349 0.504891 0.077713 0.976973
0 0.259437 0.521338 0.066705 0.911182
0 0.471346 0.505713 0.040707 0.972040
0 0.529585 0.490909 0.042650 0.965462
0 0.758148 0.506536 0.061060 0.940787
0 0.816386 0.497489 0.077808 0.981911
1 0.896282 0.774036 0.032125 0.053938
1 0.900388 0.549807 0.021860 0.032520
1 0.916003 0.587878 0.030785 0.038867
1 0.924256 0.749684 0.029447 0.057902
1 0.936973 0.812347 0.032570 0.054729
1 0.975343 0.765551 0.032570 0.046800
1 0.979359 0.827418 0.027217 0.046800
1 0.940596 0.656202 0.023558 0.040929
1 0.883842 0.347813 0.020345 0.050444
1 0.933100 0.373036 0.028910 0.047591
1 0.948359 0.438713 0.028378 0.041880
