0 0.279837 0.342884 0.055510 0.649671
0 0.508354 0.481040 0.038858 0.899671
0 0.559237 0.510647 0.046260 0.968751
0 0.789140 0.439100 0.060135 0.825658
0 0.844187 0.503247 0.085115 0.983551
1 0.295524 0.612227 0.029002 0.047591
1 0.365634 0.197522 0.028912 0.038076
1 0.362956 0.082829 0.010707 0.025702
1 0.439518 0.058558 0.033195 0.045684
1 0.459864 0.213227 0.016063 0.037120
1 0.333510 0.356000 0.029980 0.033316
1 0.360280 0.601091 0.025700 0.055204
1 0.391332 0.714836 0.062105 0.094231
1 0.367776 0.834762 0.024627 0.031409
1 0.394277 0.898536 0.028375 0.040929
1 0.353860 0.973727 0.026780 0.052351
1 0.388923 0.978011 0.033730 0.034262
1 0.452635 0.966591 0.019810 0.047591
1 0.735325 0.030002 0.041225 0.030458
1 0.643236 0.043804 0.029447 0.021893
1 0.617270 0.143744 0.021415 0.040929
1 0.341413 0.864173 0.029555 0.042258
0 0.032600 0.348642 0.065200 0.621711
0 0.214614 0.376602 0.045333 0.671053
