1 0.627431 0.841722 0.018962 0.035693
0 0.180844 0.497489 0.090663 0.968747
0 0.242784 0.434989 0.083357 0.856911
0 0.430639 0.453902 0.038858 0.799342
0 0.496327 0.487622 0.044405 0.955591
0 0.725304 0.513936 0.041633 0.965462
0 0.771564 0.508180 0.041633 0.976973
0 0.980379 0.458016 0.039242 0.902964
1 0.666094 0.938278 0.084187 0.106911
1 0.829340 0.346173 0.048200 0.067431
1 0.624271 0.679120 0.023053 0.042302
1 0.654945 0.714482 0.022680 0.031062
1 0.622227 0.771327 0.014500 0.044289
1 0.674837 0.790164 0.013385 0.019831
1 0.696773 0.758438 0.013385 0.030404
1 0.627804 0.436540 0.016732 0.025116
1 0.629105 0.468267 0.011900 0.022471
1 0.628361 0.491402 0.017847 0.021151
1 0.628344 0.292776 0.013422 0.021809
1 0.618491 0.311613 0.014538 0.023796
1 0.670915 0.212464 0.013795 0.026440
1 0.660876 0.206847 0.011562 0.017844
1 0.652696 0.090516 0.022717 0.031067
1 0.635221 0.046558 0.009333 0.017187
1 0.597111 0.015493 0.018627 0.013218
