0 0.341824 0.504891 0.061062 0.973684
0 0.272902 0.525451 0.063845 0.929276
1 0.757437 0.955793 0.020970 0.036564
1 0.725313 0.947069 0.007585 0.022289
1 0.717505 0.905824 0.011600 0.019116
1 0.721520 0.813816 0.017845 0.028636
1 0.758999 0.808660 0.024092 0.056396
1 0.744275 0.450936 0.024985 0.032600
1 0.750834 0.536480 0.024092 0.030933
1 0.777961 0.913358 0.021863 0.062742
1 0.658388 0.820162 0.022755 0.019116
1 0.737805 0.876476 0.025430 0.058773
0 0.041098 0.494198 0.074105 0.975329
0 0.082731 0.494200 0.105562 0.985200
1 0.717283 0.391844 0.017400 0.023876
1 0.773945 0.090038 0.019185 0.023080
1 0.759221 0.107091 0.022752 0.025462
1 0.767253 0.171340 0.022755 0.027044
1 0.756545 0.195927 0.017400 0.025462
1 0.776175 0.203067 0.011155 0.030222
1 0.772160 0.246691 0.015615 0.019116
1 0.723082 0.253433 0.024540 0.026253
1 0.738475 0.245104 0.016955 0.025462
1 0.746951 0.292300 0.012492 0.016733
1 0.763014 0.326011 0.033018 0.033391
1 0.767922 0.308162 0.011600 0.008804
1 0.785321 0.332353 0.010707 0.015942
1 0.771491 0.412862 0.033018 0.037360
1 0.750744 0.915342 0.014722 0.038151
1 0.984551 0.893251 0.026233 0.034360
1 0.981875 0.842804 0.014455 0.028649
1 0.925390 0.744293 0.021415 0.037218
1 0.928870 0.685280 0.020880 0.041022
1 0.991606 0.736727 0.016788 0.040929
1 0.954301 0.496391 0.028913 0.034267
1 0.971970 0.438284 0.032125 0.040071
1 0.930210 0.431144 0.020345 0.044831
1 0.939577 0.089920 0.019810 0.036267
1 0.748443 0.031858 0.021950 0.028649
1 0.972505 0.951789 0.022485 0.041027
1 0.952963 0.916142 0.020880 0.045689
1 0.947609 0.842853 0.023023 0.055209
0 0.883045 0.511471 0.074015 0.950658
0 0.837249 0.518049 0.060138 0.957236
0 0.615626 0.494222 0.050053 0.988444
0 0.564789 0.496689 0.035157 0.993378
