1 0.689888 0.115222 0.034800 0.063458
1 0.684462 0.895582 0.034800 0.037120
1 0.652071 0.742342 0.024627 0.058062
1 0.324140 0.774227 0.027305 0.034267
1 0.340202 0.734727 0.029445 0.033311
1 0.302725 0.739009 0.027305 0.034267
1 0.401237 0.330680 0.027305 0.036169
1 0.393206 0.283091 0.023022 0.045684
1 0.357656 0.476691 0.022487 0.052351
1 0.382285 0.612800 0.012850 0.061867
1 0.295015 0.895964 0.052470 0.079956
1 0.675834 0.639118 0.035247 0.059489
1 0.706395 0.223093 0.028555 0.050764
1 0.622740 0.515382 0.025430 0.034107
1 0.619840 0.471360 0.021415 0.030142
1 0.598424 0.300033 0.020522 0.034902
0 0.470421 0.519693 0.029608 0.953947
1 0.907561 0.157029 0.050883 0.067436
0 0.811808 0.494222 0.088815 0.988444
0 0.750746 0.486798 0.062913 0.960529
0 0.527319 0.500778 0.050882 0.988489
0 0.180845 0.499956 0.072165 0.983556
0 0.236355 0.499956 0.057360 0.963813
