0 0.559237 0.513938 0.051810 0.949013
1 0.729725 0.129240 0.026985 0.040089
1 0.415485 0.310600 0.017970 0.050676
1 0.374587 0.060802 0.013015 0.039107
1 0.386206 0.106520 0.011462 0.051227
1 0.432291 0.544458 0.017668 0.071387
1 0.385394 0.951818 0.102632 0.096364
1 0.074604 0.501004 0.026733 0.020080
1 0.119735 0.362780 0.064695 0.089640
0 0.045725 0.274629 0.068555 0.523027
0 0.079031 0.495844 0.112962 0.965458
0 0.882074 0.498333 0.081507 0.996667
0 0.827534 0.485153 0.070312 0.953951
0 0.615164 0.497489 0.052827 0.968747
0 0.341777 0.503247 0.053750 0.976973
0 0.274751 0.501602 0.093448 0.983551
