0 0.507890 0.432522 0.034230 0.819080
1 0.375425 0.091209 0.019210 0.034702
1 0.365974 0.063118 0.015183 0.019276
1 0.370467 0.155653 0.019210 0.034702
1 0.438940 0.058711 0.019830 0.017076
1 0.332977 0.295013 0.010535 0.015973
1 0.348004 0.290604 0.011463 0.015973
1 0.363186 0.333293 0.016422 0.023138
1 0.345215 0.340178 0.018900 0.031396
1 0.364580 0.486422 0.016110 0.031947
1 0.510564 0.601322 0.036662 0.049116
1 0.432072 0.569880 0.027370 0.032133
1 0.637462 0.892124 0.025460 0.040800
0 0.041389 0.440747 0.082778 0.861840
0 0.232191 0.425942 0.063838 0.799342
0 0.288164 0.512291 0.046257 0.965462
0 0.570339 0.453102 0.044408 0.906204
0 0.800705 0.550944 0.057360 0.878289
0 0.854364 0.508180 0.070312 0.973684
