0 0.169373 0.489593 0.051810 0.978618
0 0.394651 0.493707 0.037933 0.967102
0 0.451085 0.491238 0.052735 0.972040
0 0.679601 0.492062 0.073087 0.983556
0 0.740199 0.496996 0.098068 0.993422
0 0.967705 0.477258 0.064590 0.743422
1 0.318325 0.037291 0.035155 0.057569
1 0.253100 0.255218 0.037930 0.092107
1 0.228121 0.815251 0.036082 0.074013
1 0.288720 0.967391 0.031455 0.052631
1 0.539392 0.032358 0.040800 0.064147
1 0.581534 0.166404 0.049032 0.055920
1 0.576908 0.406536 0.023130 0.032893
1 0.606050 0.422982 0.022205 0.046053
0 0.103227 0.512620 0.063845 0.972040
1 0.608364 0.634331 0.037933 0.067436
1 0.575983 0.491240 0.037930 0.090462
1 0.529725 0.933673 0.024980 0.090458
