1 0.872060 0.869627 0.026335 0.041316
1 0.855174 0.754507 0.014873 0.032498
1 0.802966 0.671607 0.014563 0.029747
1 0.790727 0.671882 0.012395 0.018173
1 0.888635 0.557862 0.019830 0.049022
1 0.871904 0.583476 0.013633 0.024240
1 0.846033 0.561996 0.028815 0.049573
1 0.819852 0.595042 0.018590 0.028644
1 0.874384 0.406387 0.013633 0.052329
0 0.709115 0.500778 0.055510 0.939147
0 0.419538 0.511469 0.046260 0.960529
0 0.366341 0.479398 0.043482 0.919409
0 0.096193 0.506536 0.087890 0.976973
0 0.938555 0.501602 0.085115 0.967107
1 0.865244 0.358467 0.012702 0.036907
0 0.976679 0.354396 0.046643 0.695724
0 0.657304 0.509824 0.040707 0.944076
1 0.634604 0.370704 0.063808 0.089631
1 0.275675 0.643049 0.108245 0.197369
1 0.492326 0.400449 0.023647 0.051556
1 0.529804 0.163687 0.016508 0.052351
1 0.461764 0.049864 0.035692 0.056316
1 0.531811 0.111336 0.024092 0.019036
1 0.506158 0.100629 0.023645 0.049969
1 0.486580 0.819342 0.035870 0.049493
1 0.857034 0.247476 0.033462 0.061689
1 0.833640 0.100682 0.017040 0.025889
1 0.847272 0.061024 0.012705 0.024787
1 0.792894 0.100133 0.017962 0.029191
1 0.830696 0.368656 0.014252 0.028644
1 0.780349 0.405287 0.015803 0.026991
0 0.151656 0.502422 0.102788 0.958880
