1 0.870591 0.668213 0.012643 0.024453
1 0.896245 0.694984 0.013385 0.031729
1 0.857206 0.635827 0.015617 0.040320
1 0.831180 0.854611 0.020820 0.045604
1 0.848655 0.869153 0.023050 0.042964
1 0.890483 0.902862 0.024165 0.041644
1 0.912976 0.907818 0.017847 0.033049
1 0.792884 0.934591 0.023053 0.064116
1 0.231884 0.615360 0.023127 0.035636
1 0.217235 0.855904 0.030840 0.045231
1 0.249615 0.461169 0.020045 0.034267
1 0.253855 0.421420 0.023900 0.039747
0 0.076301 0.502422 0.114722 0.991778
0 0.150269 0.490087 0.077808 0.973684
1 0.908144 0.844696 0.028258 0.046929
0 0.374205 0.490911 0.057360 0.962169
0 0.437995 0.501602 0.050050 0.980262
0 0.654066 0.510647 0.049033 0.975329
0 0.709530 0.499133 0.034325 0.965458
0 0.952894 0.528738 0.074938 0.889804
1 0.739957 0.503167 0.033500 0.052876
1 0.796230 0.502307 0.026770 0.064116
1 0.840847 0.528416 0.019335 0.037018
1 0.882302 0.519164 0.028630 0.056844
1 0.849771 0.471573 0.028257 0.033049
1 0.770761 0.230313 0.021937 0.031729
1 0.848283 0.223371 0.031975 0.056182
1 0.782474 0.104067 0.030487 0.029084
1 0.859809 0.034993 0.027513 0.052218
1 0.881745 0.114309 0.020820 0.046929
1 0.752729 0.085558 0.023053 0.026440
1 0.814634 0.366807 0.010783 0.024458
1 0.851444 0.349622 0.034577 0.040320
1 0.818166 0.462647 0.022308 0.042964
1 0.821141 0.591540 0.028257 0.045604
1 0.813334 0.718780 0.028257 0.039658
1 0.843264 0.779920 0.029373 0.057502
