1 0.844602 0.336269 0.034205 0.053542
1 0.888846 0.428147 0.020077 0.031067
1 0.889200 0.488591 0.014910 0.023858
1 0.869866 0.533538 0.014908 0.026507
1 0.878790 0.326651 0.011935 0.035756
1 0.852205 0.292280 0.021230 0.033111
1 0.853506 0.252951 0.020857 0.024524
1 0.868936 0.161736 0.022717 0.048316
0 0.112799 0.517227 0.073182 0.932569
0 0.057752 0.490089 0.066705 0.953947
0 0.366340 0.436633 0.049035 0.863489
0 0.430594 0.509824 0.061153 0.947364
0 0.662394 0.499956 0.102692 0.983556
0 0.959370 0.419364 0.073090 0.828951
0 0.709067 0.456369 0.092610 0.902960
1 0.266839 0.363442 0.105563 0.134867
1 0.244173 0.814100 0.076880 0.187498
1 0.272391 0.634824 0.055602 0.085524
1 0.813656 0.192391 0.042557 0.055920
