1 0.737715 0.940380 0.017350 0.028147
1 0.740659 0.964891 0.013323 0.030902
1 0.766220 0.964891 0.017350 0.026493
1 0.770186 0.820384 0.015183 0.024787
1 0.773904 0.860318 0.020758 0.019827
1 0.247874 0.751600 0.080583 0.111840
1 0.733006 0.783202 0.033773 0.078218
1 0.761201 0.684056 0.034393 0.095844
1 0.760116 0.758967 0.024788 0.055080
1 0.818985 0.758691 0.026025 0.041311
1 0.795747 0.733353 0.016110 0.039107
1 0.765910 0.470531 0.022310 0.045773
1 0.747165 0.173089 0.013325 0.021538
1 0.743911 0.066504 0.024787 0.029800
1 0.808667 0.110571 0.019210 0.025391
1 0.789922 0.075042 0.025715 0.040262
1 0.809286 0.854753 0.023547 0.022031
0 0.088745 0.600287 0.075030 0.674342
0 0.029361 0.643871 0.058722 0.643093
0 0.327945 0.493378 0.055510 0.980267
0 0.389886 0.471173 0.055603 0.935858
0 0.603182 0.501602 0.045335 0.927631
0 0.658230 0.504891 0.068460 0.976973
0 0.893221 0.510647 0.070312 0.909542
0 0.943180 0.506536 0.077715 0.960529
1 0.799682 0.894109 0.017350 0.032556
1 0.785430 0.905953 0.021070 0.038609
1 0.792401 0.950020 0.024477 0.030902
1 0.868311 0.891080 0.021378 0.026498
1 0.870170 0.837927 0.027575 0.028147
1 0.795654 0.557284 0.016113 0.024293
1 0.765601 0.549571 0.023548 0.046324
1 0.821681 0.490084 0.024788 0.029796
1 0.762193 0.176391 0.009915 0.020436
1 0.731829 0.462818 0.023548 0.017129
1 0.713082 0.507436 0.018900 0.024844
1 0.764050 0.346596 0.038420 0.038062
1 0.804795 0.417927 0.020140 0.028698
1 0.772726 0.410216 0.024788 0.032004
1 0.730899 0.323738 0.022928 0.032000
1 0.758010 0.247722 0.017660 0.044120
