1 0.277987 0.243378 0.044410 0.039476
1 0.330259 0.494200 0.043483 0.054276
1 0.262722 0.925942 0.037930 0.059209
1 0.264158 0.359047 0.019185 0.025382
1 0.878792 0.499200 0.015615 0.043627
1 0.844747 0.356427 0.012945 0.030933
1 0.603997 0.150202 0.030345 0.067418
1 0.605116 0.282264 0.015617 0.025382
1 0.627648 0.383793 0.019630 0.028556
1 0.641256 0.494044 0.013832 0.026969
1 0.638579 0.540842 0.014723 0.025382
1 0.618725 0.527358 0.017845 0.033311
1 0.608240 0.475009 0.011155 0.030142
1 0.525253 0.504753 0.019185 0.056316
1 0.535068 0.617384 0.019185 0.026173
1 0.553139 0.777211 0.019633 0.025382
1 0.557154 0.718513 0.019633 0.028556
1 0.373658 0.916613 0.016420 0.017076
1 0.356926 0.897609 0.012702 0.019831
1 0.264330 0.782562 0.023425 0.025116
1 0.320285 0.809996 0.013385 0.025778
1 0.329395 0.752158 0.019705 0.026440
1 0.343153 0.691347 0.017475 0.033049
1 0.307459 0.686722 0.026398 0.015862
1 0.310785 0.265451 0.014280 0.052351
1 0.293605 0.292420 0.013830 0.025382
0 0.157255 0.490909 0.073090 0.968751
0 0.202587 0.494222 0.058285 0.988444
0 0.418150 0.496689 0.036080 0.993378
0 0.469034 0.499133 0.052732 0.995067
0 0.684598 0.485153 0.049035 0.940787
0 0.738720 0.508180 0.059210 0.960529
0 0.950120 0.279562 0.058285 0.480262
0 0.980379 0.173478 0.039242 0.271382
0 0.980379 0.800122 0.039242 0.324013
1 0.325634 0.417720 0.043483 0.085529
1 0.279837 0.163607 0.029605 0.060858
1 0.360655 0.173251 0.025165 0.022840
1 0.313098 0.952260 0.063005 0.036182
1 0.283537 0.087127 0.031455 0.039471
1 0.318233 0.886469 0.050885 0.062502
1 0.580131 0.672511 0.023648 0.044418
1 0.653971 0.931484 0.016063 0.034107
1 0.634118 0.885876 0.028110 0.050764
1 0.612478 0.772451 0.013385 0.055524
1 0.576339 0.803384 0.016063 0.012689
1 0.598201 0.827180 0.016952 0.028556
1 0.646615 0.670138 0.028120 0.044436
