0 0.333450 0.496689 0.040800 0.993378
0 0.079030 0.495844 0.098160 0.981911
0 0.031384 0.491733 0.058377 0.963813
1 0.793304 0.731042 0.029607 0.077302
1 0.801584 0.817389 0.027848 0.075658
0 0.595781 0.550122 0.041632 0.879933
0 0.655871 0.499133 0.062077 0.988489
0 0.894147 0.495842 0.086965 0.975329
0 0.954891 0.504889 0.090217 0.953947
0 0.384798 0.508180 0.060230 0.963818
1 0.215955 0.615087 0.037100 0.075658
1 0.210868 0.939100 0.045425 0.072369
1 0.732659 0.438278 0.028772 0.064147
1 0.725257 0.516404 0.036175 0.049342
1 0.724195 0.345224 0.021230 0.026502
1 0.755054 0.111567 0.046512 0.033773
1 0.225834 0.142309 0.018292 0.031809
