1 0.760185 0.159091 0.019370 0.033773
0 0.953966 0.505713 0.092067 0.965462
0 0.903861 0.508180 0.073087 0.970396
0 0.667435 0.499133 0.064855 0.860196
0 0.611509 0.423476 0.047183 0.840462
0 0.390810 0.496689 0.046350 0.993378
0 0.340436 0.507358 0.041632 0.972040
0 0.106324 0.498311 0.078732 0.957236
0 0.051737 0.496669 0.099085 0.973684
1 0.142471 0.388320 0.047627 0.043689
1 0.257274 0.185109 0.017558 0.041356
1 0.245525 0.244782 0.019365 0.026667
1 0.793275 0.947316 0.051345 0.054267
1 0.854120 0.787060 0.020820 0.046929
1 0.852019 0.418198 0.016397 0.025844
1 0.808519 0.451247 0.022347 0.033773
1 0.828039 0.436704 0.017512 0.021880
1 0.746056 0.358411 0.018628 0.029080
1 0.783421 0.162067 0.016767 0.025182
1 0.810564 0.174624 0.016023 0.050298
1 0.836776 0.251960 0.012678 0.026507
1 0.771338 0.015613 0.025320 0.031227
1 0.787697 0.118111 0.030525 0.046996
1 0.759026 0.526273 0.059303 0.072369
