1 0.363415 0.152251 0.013015 0.034369
0 0.181308 0.495844 0.067535 0.978622
0 0.224790 0.509824 0.034230 0.967107
0 0.451919 0.466238 0.016653 0.814147
0 0.506040 0.496667 0.032380 0.914471
0 0.731780 0.512291 0.049035 0.935853
0 0.773412 0.447327 0.058285 0.828947
0 0.982692 0.238444 0.034615 0.411182
1 0.292208 0.652824 0.028145 0.068849
1 0.314825 0.635840 0.031500 0.038560
1 0.330059 0.564233 0.041313 0.084458
1 0.354459 0.612431 0.018332 0.032133
1 0.389703 0.603020 0.014975 0.039933
1 0.369046 0.639513 0.028402 0.047738
1 0.326703 0.692300 0.016010 0.024787
1 0.327993 0.728102 0.016525 0.017440
1 0.291563 0.809120 0.014460 0.041769
1 0.316504 0.824264 0.017297 0.019738
1 0.337676 0.774693 0.024012 0.038098
1 0.339743 0.815087 0.019365 0.023409
1 0.315575 0.926398 0.018590 0.022031
1 0.333974 0.441044 0.020082 0.043351
1 0.362752 0.450609 0.014165 0.031876
1 0.390275 0.385422 0.017930 0.031556
1 0.413854 0.401998 0.012012 0.023267
1 0.339165 0.370598 0.024405 0.040164
1 0.310619 0.227271 0.018963 0.029742
1 0.347241 0.254042 0.041642 0.026440
1 0.356351 0.307580 0.018217 0.030404
1 0.377915 0.313200 0.021935 0.024453
1 0.341664 0.153573 0.023053 0.047591
1 0.346869 0.046162 0.025282 0.013880
1 0.340735 0.090778 0.032345 0.033049
1 0.316752 0.098711 0.016360 0.019831
1 0.365459 0.107633 0.017102 0.023133
1 0.400036 0.030629 0.025283 0.048911
1 0.394261 0.241693 0.014873 0.020382
1 0.311226 0.366178 0.015493 0.019280
1 0.362505 0.722282 0.010225 0.008813
1 0.413316 0.752027 0.021998 0.028640
1 0.417809 0.704658 0.013632 0.035253
1 0.582214 0.937824 0.038473 0.075738
1 0.598212 0.618247 0.038730 0.052022
1 0.666506 0.659978 0.054437 0.060053
1 0.701457 0.535753 0.026770 0.056182
1 0.675989 0.531787 0.026398 0.046933
1 0.635835 0.487500 0.023425 0.056182
1 0.602911 0.511627 0.034243 0.043627
1 0.565680 0.393822 0.020010 0.035573
1 0.591651 0.289551 0.015922 0.021422
1 0.634576 0.292802 0.012262 0.017978
1 0.645119 0.326271 0.014418 0.022951
1 0.671476 0.332009 0.012048 0.023716
1 0.622424 0.346927 0.012903 0.019889
1 0.560364 0.029242 0.013632 0.019827
1 0.911786 0.790496 0.032717 0.060813
1 0.927737 0.540182 0.023050 0.037013
