1 0.873770 0.376851 0.016395 0.028422
0 0.968352 0.495844 0.063295 0.965458
0 0.748850 0.484331 0.051900 0.883222
0 0.699399 0.492556 0.043482 0.958880
0 0.477822 0.494200 0.044410 0.932569
0 0.413991 0.504891 0.046267 0.986840
0 0.208554 0.495844 0.105562 0.985200
0 0.144762 0.497489 0.081415 0.985200
1 0.899239 0.761876 0.025692 0.031724
1 0.830641 0.820702 0.013423 0.019831
1 0.793090 0.960500 0.017140 0.027098
1 0.846070 0.931087 0.024205 0.029080
1 0.933257 0.878209 0.011935 0.042302
1 0.952425 0.660747 0.025655 0.038338
1 0.896654 0.521278 0.018962 0.029080
1 0.913552 0.236064 0.014910 0.028422
1 0.925264 0.233749 0.009332 0.021151
1 0.905578 0.056276 0.022680 0.029742
1 0.857430 0.044049 0.013385 0.023796
1 0.820045 0.047351 0.021975 0.014542
1 0.904276 0.150796 0.039412 0.050898
1 0.337846 0.293942 0.029982 0.044738
1 0.553652 0.917960 0.040645 0.030222
1 0.535581 0.839833 0.017893 0.053222
1 0.540490 0.749011 0.016105 0.028636
1 0.559451 0.767256 0.012092 0.055604
1 0.592021 0.755753 0.013878 0.018324
1 0.602953 0.730769 0.020570 0.030222
1 0.617007 0.772807 0.017445 0.036564
1 0.623699 0.933822 0.018337 0.033396
1 0.575314 0.674493 0.012492 0.058693
1 0.558290 0.037396 0.018590 0.018729
1 0.588653 0.050613 0.016730 0.022036
1 0.582146 0.074849 0.013632 0.018729
1 0.636833 0.065487 0.013325 0.024236
1 0.635593 0.140947 0.017660 0.030844
1 0.562316 0.305367 0.013633 0.023684
1 0.565726 0.402587 0.014252 0.027538
1 0.602596 0.356318 0.014873 0.024236
1 0.551783 0.654587 0.019830 0.028089
1 0.576104 0.868029 0.014563 0.020929
1 0.899807 0.406907 0.025820 0.070382
1 0.818204 0.146169 0.018217 0.032391
