1 0.846290 0.008356 0.019675 0.016711
1 0.589322 0.259462 0.019335 0.033049
0 0.129960 0.500778 0.081415 0.988489
0 0.179731 0.510647 0.077338 0.935853
0 0.383456 0.499956 0.040707 0.986844
0 0.449605 0.504891 0.024980 0.973684
0 0.676733 0.510649 0.051810 0.952302
0 0.729005 0.485976 0.073090 0.932564
0 0.957058 0.485976 0.085115 0.968751
1 0.514106 0.446982 0.030117 0.056844
1 0.477150 0.563911 0.029000 0.074693
1 0.598915 0.572173 0.024910 0.074027
1 0.612791 0.032489 0.021158 0.043991
1 0.621111 0.094544 0.016732 0.028422
1 0.630593 0.141147 0.017105 0.034373
1 0.594155 0.313993 0.015615 0.032387
1 0.558276 0.143131 0.013757 0.011898
1 0.583559 0.106776 0.010783 0.025116
1 0.555116 0.062820 0.012643 0.015204
1 0.544148 0.044311 0.014500 0.025778
1 0.527789 0.011593 0.011528 0.018511
1 0.551397 0.012220 0.013385 0.014609
1 0.489123 0.274658 0.019705 0.027751
1 0.465513 0.250176 0.024540 0.019898
1 0.555303 0.209856 0.015245 0.018573
1 0.523513 0.138138 0.011155 0.023200
1 0.523326 0.173502 0.013758 0.019893
1 0.571847 0.289538 0.015615 0.027102
1 0.584489 0.389016 0.008178 0.040982
1 0.571475 0.520880 0.020820 0.040320
1 0.558835 0.563480 0.014130 0.021218
1 0.514961 0.487798 0.020077 0.016591
1 0.525744 0.638204 0.019332 0.033049
1 0.543961 0.625976 0.020077 0.017844
1 0.596759 0.809069 0.017102 0.032387
1 0.578540 0.812704 0.012640 0.022476
1 0.562739 0.819976 0.013013 0.021151
1 0.558835 0.850051 0.015615 0.023133
1 0.470531 0.929004 0.015242 0.035760
1 0.508269 0.710880 0.016358 0.022542
1 0.593598 0.491104 0.022680 0.021880
1 0.905770 0.466318 0.048335 0.020929
1 0.865474 0.099558 0.049122 0.061151
1 0.870605 0.174116 0.017445 0.031013
1 0.842497 0.044033 0.020120 0.029427
1 0.877099 0.035349 0.016063 0.018244
