1 0.763237 0.931207 0.016955 0.042120
1 0.836631 0.818971 0.028107 0.063533
1 0.809638 0.638920 0.016955 0.023876
1 0.791345 0.631382 0.023200 0.048462
1 0.807852 0.595293 0.018740 0.041324
1 0.754090 0.546909 0.019185 0.028636
1 0.779075 0.475524 0.015615 0.023876
1 0.825253 0.955833 0.026770 0.035693
1 0.802393 0.425513 0.018095 0.036760
1 0.805620 0.481362 0.016375 0.025284
1 0.824985 0.466062 0.017665 0.023751
1 0.882121 0.469256 0.017428 0.026396
1 0.740370 0.407709 0.014500 0.032600
1 0.755205 0.435867 0.015170 0.023876
1 0.756544 0.474336 0.024093 0.029427
1 0.774837 0.500907 0.018740 0.023876
1 0.748066 0.732516 0.025877 0.027049
1 0.255738 0.043542 0.044500 0.050987
1 0.780446 0.349011 0.019387 0.025284
0 0.899698 0.506536 0.081415 0.947364
0 0.955161 0.494200 0.088908 0.945724
1 0.683095 0.072047 0.015780 0.028049
1 0.791287 0.214613 0.015420 0.026489
1 0.795141 0.160742 0.019543 0.040516
1 0.805451 0.108307 0.015062 0.024258
1 0.772909 0.101136 0.033887 0.018200
1 0.806374 0.333331 0.015727 0.026049
1 0.802286 0.269451 0.020892 0.023756
1 0.784858 0.294889 0.017450 0.031787
1 0.747310 0.317264 0.009920 0.016867
0 0.669285 0.512291 0.046350 0.919409
1 0.803254 0.549258 0.020678 0.033316
0 0.079493 0.495022 0.095385 0.950658
0 0.048500 0.499956 0.096310 0.986844
0 0.331185 0.509824 0.060135 0.947364
0 0.388499 0.479396 0.050978 0.949013
0 0.602256 0.467060 0.041632 0.924342
