0 0.116499 0.513113 0.086132 0.921053
0 0.062424 0.498311 0.098068 0.990133
0 0.924215 0.398804 0.054585 0.748356
0 0.700279 0.482687 0.058377 0.952307
0 0.635101 0.490089 0.062913 0.953947
0 0.425041 0.486798 0.057452 0.960529
0 0.367724 0.504069 0.064753 0.975329
0 0.970156 0.478576 0.059687 0.937498
1 0.164799 0.123407 0.014438 0.017249
1 0.182334 0.131820 0.008627 0.014191
1 0.860187 0.063269 0.024540 0.034902
1 0.855280 0.593509 0.020970 0.038867
1 0.846134 0.545522 0.016952 0.022209
1 0.789025 0.501104 0.013385 0.026964
1 0.834980 0.386093 0.023200 0.041244
1 0.804419 0.465807 0.021863 0.027764
