1 0.276554 0.612620 0.060228 0.080591
0 0.920051 0.519693 0.092517 0.763156
0 0.858990 0.464593 0.086965 0.925987
0 0.617939 0.481864 0.058378 0.865133
0 0.566638 0.506536 0.059210 0.960529
0 0.363101 0.507358 0.042558 0.972040
0 0.308055 0.388113 0.017580 0.677631
0 0.076301 0.564102 0.037008 0.851973
0 0.038322 0.632358 0.040800 0.616778
1 0.222055 0.465987 0.026025 0.049573
1 0.066564 0.030427 0.035042 0.051831
1 0.031606 0.308727 0.047712 0.033471
1 0.033938 0.232862 0.044125 0.050044
1 0.163683 0.182438 0.042295 0.103844
1 0.248007 0.255727 0.071745 0.223773
1 0.144944 0.819202 0.104403 0.237098
