0 0.607299 0.529560 0.048202 0.888160
0 0.833547 0.481864 0.056435 0.944076
0 0.890400 0.495022 0.072255 0.986844
0 0.035375 0.310811 0.070750 0.575658
0 0.062840 0.501600 0.117590 0.911182
1 0.474319 0.043424 0.035873 0.057107
1 0.748529 0.315833 0.032843 0.028644
1 0.798876 0.213104 0.017663 0.030298
1 0.777497 0.185013 0.017660 0.041316
1 0.970963 0.267596 0.029045 0.027156
1 0.922229 0.177111 0.027973 0.043644
1 0.945574 0.229133 0.024743 0.049769
1 0.949747 0.621498 0.024100 0.046667
1 0.949533 0.805867 0.031845 0.045902
1 0.815055 0.546907 0.034855 0.059671
1 0.724795 0.064102 0.051900 0.052631
1 0.779889 0.764760 0.060137 0.148027
1 0.432026 0.782851 0.045332 0.078947
0 0.349641 0.498311 0.063928 0.934213
0 0.287239 0.511469 0.094368 0.944076
0 0.551836 0.517224 0.038857 0.922698
